0 0.447266 0.778320 0.277344 0.396484
0 0.275391 0.700195 0.191406 0.181641
0 0.885742 0.599609 0.158203 0.160156
3 0.629883 0.615234 0.087891 0.449219
3 0.341797 0.525391 0.148438 0.199219
3 0.235352 0.554688 0.173828 0.265625
3 0.597656 0.638672 0.089844 0.402344
3 0.902344 0.531250 0.132812 0.210938
3 0.459961 0.619141 0.275391 0.390625
1 0.311113 0.456904 0.058594 0.059980
2 0.237881 0.451318 0.051621 0.057207
1 0.874033 0.442246 0.040449 0.039062
1 0.515498 0.474336 0.090684 0.097656
1 0.623613 0.435957 0.058594 0.082305
2 0.586650 0.484111 0.057207 0.086504
4 0.544795 0.612451 0.246934 0.359941
