0 0.700195 0.266602 0.064453 0.123047
0 0.600586 0.609375 0.798828 0.656250
0 0.907227 0.267578 0.060547 0.113281
0 0.841797 0.256836 0.058594 0.134766
0 0.759766 0.258789 0.050781 0.123047
0 0.970703 0.263672 0.058594 0.117188
0 0.073242 0.326172 0.146484 0.105469
3 0.541992 0.435547 0.365234 0.699219
3 0.708008 0.480469 0.435547 0.746094
3 0.401367 0.437500 0.396484 0.757812
2 0.585918 0.183232 0.132812 0.154629
2 0.430625 0.156924 0.130898 0.141074
2 0.281553 0.128086 0.147754 0.141992
4 0.464189 0.406260 0.512988 0.600684
