0 0.552734 0.778320 0.277344 0.396484
0 0.724609 0.700195 0.191406 0.181641
0 0.114258 0.599609 0.158203 0.160156
3 0.370117 0.615234 0.087891 0.449219
3 0.658203 0.525391 0.148438 0.199219
3 0.764648 0.554688 0.173828 0.265625
3 0.402344 0.638672 0.089844 0.402344
3 0.097656 0.531250 0.132812 0.210938
3 0.540039 0.619141 0.275391 0.390625
1 0.688887 0.456904 0.058594 0.059980
2 0.762119 0.451318 0.051621 0.057207
1 0.125967 0.442246 0.040449 0.039062
1 0.484502 0.474336 0.090684 0.097656
1 0.376387 0.435957 0.058594 0.082305
2 0.413350 0.484111 0.057207 0.086504
4 0.455205 0.612451 0.246934 0.359941
