0 0.299805 0.266602 0.064453 0.123047
0 0.399414 0.609375 0.798828 0.656250
0 0.092773 0.267578 0.060547 0.113281
0 0.158203 0.256836 0.058594 0.134766
0 0.240234 0.258789 0.050781 0.123047
0 0.029297 0.263672 0.058594 0.117188
0 0.926758 0.326172 0.146484 0.105469
3 0.458008 0.435547 0.365234 0.699219
3 0.291992 0.480469 0.435547 0.746094
3 0.598633 0.437500 0.396484 0.757812
2 0.414082 0.183232 0.132812 0.154629
2 0.569375 0.156924 0.130898 0.141074
2 0.718447 0.128086 0.147754 0.141992
4 0.535811 0.406260 0.512988 0.600684
