0 0.256475 0.705498 0.110605 0.063340
0 0.443975 0.647373 0.094980 0.052559
0 0.807588 0.729229 0.087832 0.063926
3 0.233896 0.666182 0.030293 0.055020
3 0.259307 0.668916 0.026426 0.052676
3 0.422100 0.613779 0.031699 0.047871
3 0.447578 0.614717 0.024062 0.049746
3 0.813662 0.696035 0.033574 0.048320
3 0.839990 0.686797 0.035449 0.049375
1 0.235527 0.643291 0.021836 0.024863
1 0.257207 0.646006 0.018320 0.026387
1 0.427432 0.598096 0.015020 0.020410
1 0.441650 0.599814 0.012207 0.019941
1 0.820937 0.678086 0.020781 0.024141
1 0.835771 0.669199 0.027012 0.025898
