0 0.583672 0.845244 0.168164 0.112051
3 0.524316 0.771514 0.056992 0.204004
3 0.558477 0.774053 0.054805 0.209043
3 0.594521 0.795000 0.048809 0.210000
2 0.529502 0.697803 0.037168 0.056582
2 0.566182 0.702080 0.042520 0.043027
2 0.595957 0.712930 0.036523 0.049023
4 0.575010 0.787764 0.150840 0.227012
0 0.357715 0.800342 0.182344 0.113613
3 0.350156 0.758623 0.071484 0.159277
3 0.378340 0.755469 0.049766 0.152969
3 0.402129 0.749482 0.062031 0.159902
1 0.364795 0.699092 0.032754 0.046504
1 0.393145 0.697344 0.026445 0.039883
2 0.412988 0.692148 0.030859 0.045234
4 0.352988 0.760049 0.172891 0.184160
